1,-3.187800,55.944400,300,-3.187650,55.944140,null
2,-3.187650,55.944140,300,-3.187500,55.943880,begins.spider.drips
3,-3.187500,55.943880,240,-3.187650,55.943621,null
4,-3.187650,55.943621,240,-3.187800,55.943361,gums.clock.modes
5,-3.187800,55.943361,200,-3.188082,55.943258,null
6,-3.188082,55.943258,190,-3.188377,55.943206,null
7,-3.188377,55.943206,200,-3.188659,55.943103,groups.ideas.script
8,-3.188659,55.943103,70,-3.188557,55.943385,null
9,-3.188557,55.943385,70,-3.188454,55.943667,null
10,-3.188454,55.943667,70,-3.188351,55.943949,rush.crown.link
11,-3.188351,55.943949,180,-3.188651,55.943949,null
12,-3.188651,55.943949,180,-3.188951,55.943949,noted.friday.jams
13,-3.188951,55.943949,130,-3.189144,55.944179,spoon.invest.every
14,-3.189144,55.944179,260,-3.189196,55.943884,null
15,-3.189196,55.943884,250,-3.189299,55.943602,null
16,-3.189299,55.943602,260,-3.189351,55.943306,rents.cone.stove
17,-3.189351,55.943306,340,-3.189069,55.943204,null
18,-3.189069,55.943204,340,-3.188787,55.943101,null
19,-3.188787,55.943101,340,-3.188505,55.942998,null
20,-3.188505,55.942998,340,-3.188223,55.942896,null
21,-3.188223,55.942896,340,-3.187942,55.942793,null
22,-3.187942,55.942793,180,-3.188242,55.942793,null
23,-3.188242,55.942793,0,-3.187942,55.942793,null
24,-3.187942,55.942793,180,-3.188242,55.942793,null
25,-3.188242,55.942793,0,-3.187942,55.942793,null
26,-3.187942,55.942793,180,-3.188242,55.942793,null
27,-3.188242,55.942793,0,-3.187942,55.942793,null
28,-3.187942,55.942793,180,-3.188242,55.942793,null
29,-3.188242,55.942793,0,-3.187942,55.942793,null
30,-3.187942,55.942793,180,-3.188242,55.942793,null
31,-3.188242,55.942793,0,-3.187942,55.942793,null
32,-3.187942,55.942793,180,-3.188242,55.942793,null
33,-3.188242,55.942793,0,-3.187942,55.942793,null
34,-3.187942,55.942793,180,-3.188242,55.942793,null
35,-3.188242,55.942793,0,-3.187942,55.942793,null
36,-3.187942,55.942793,180,-3.188242,55.942793,null
37,-3.188242,55.942793,0,-3.187942,55.942793,null
38,-3.187942,55.942793,180,-3.188242,55.942793,null
39,-3.188242,55.942793,0,-3.187942,55.942793,null
40,-3.187942,55.942793,180,-3.188242,55.942793,null
41,-3.188242,55.942793,0,-3.187942,55.942793,null
42,-3.187942,55.942793,180,-3.188242,55.942793,null
43,-3.188242,55.942793,0,-3.187942,55.942793,null
44,-3.187942,55.942793,180,-3.188242,55.942793,null
45,-3.188242,55.942793,0,-3.187942,55.942793,null
46,-3.187942,55.942793,180,-3.188242,55.942793,null
47,-3.188242,55.942793,0,-3.187942,55.942793,null
48,-3.187942,55.942793,180,-3.188242,55.942793,null
49,-3.188242,55.942793,0,-3.187942,55.942793,null
50,-3.187942,55.942793,180,-3.188242,55.942793,null
51,-3.188242,55.942793,20,-3.187960,55.942896,null
52,-3.187960,55.942896,200,-3.188242,55.942793,null
53,-3.188242,55.942793,20,-3.187960,55.942896,null
54,-3.187960,55.942896,200,-3.188242,55.942793,null
55,-3.188242,55.942793,20,-3.187960,55.942896,null
56,-3.187960,55.942896,200,-3.188242,55.942793,null
57,-3.188242,55.942793,20,-3.187960,55.942896,null
58,-3.187960,55.942896,200,-3.188242,55.942793,null
59,-3.188242,55.942793,20,-3.187960,55.942896,null
60,-3.187960,55.942896,200,-3.188242,55.942793,null
61,-3.188242,55.942793,20,-3.187960,55.942896,null
62,-3.187960,55.942896,200,-3.188242,55.942793,null
63,-3.188242,55.942793,20,-3.187960,55.942896,null
64,-3.187960,55.942896,200,-3.188242,55.942793,null
65,-3.188242,55.942793,20,-3.187960,55.942896,null
66,-3.187960,55.942896,200,-3.188242,55.942793,null
67,-3.188242,55.942793,20,-3.187960,55.942896,null
68,-3.187960,55.942896,200,-3.188242,55.942793,null
69,-3.188242,55.942793,20,-3.187960,55.942896,null
70,-3.187960,55.942896,200,-3.188242,55.942793,null
71,-3.188242,55.942793,20,-3.187960,55.942896,null
72,-3.187960,55.942896,200,-3.188242,55.942793,null
73,-3.188242,55.942793,20,-3.187960,55.942896,null
74,-3.187960,55.942896,200,-3.188242,55.942793,null
75,-3.188242,55.942793,20,-3.187960,55.942896,null
76,-3.187960,55.942896,200,-3.188242,55.942793,null
77,-3.188242,55.942793,20,-3.187960,55.942896,null
78,-3.187960,55.942896,200,-3.188242,55.942793,null
79,-3.188242,55.942793,20,-3.187960,55.942896,null
80,-3.187960,55.942896,200,-3.188242,55.942793,null
81,-3.188242,55.942793,20,-3.187960,55.942896,null
82,-3.187960,55.942896,190,-3.188255,55.942844,null
83,-3.188255,55.942844,10,-3.187960,55.942896,null
84,-3.187960,55.942896,190,-3.188255,55.942844,null
85,-3.188255,55.942844,10,-3.187960,55.942896,null
86,-3.187960,55.942896,190,-3.188255,55.942844,null
87,-3.188255,55.942844,10,-3.187960,55.942896,null
88,-3.187960,55.942896,190,-3.188255,55.942844,null
89,-3.188255,55.942844,10,-3.187960,55.942896,null
90,-3.187960,55.942896,190,-3.188255,55.942844,null
91,-3.188255,55.942844,10,-3.187960,55.942896,null
92,-3.187960,55.942896,190,-3.188255,55.942844,null
93,-3.188255,55.942844,10,-3.187960,55.942896,null
94,-3.187960,55.942896,190,-3.188255,55.942844,null
95,-3.188255,55.942844,10,-3.187960,55.942896,null
96,-3.187960,55.942896,190,-3.188255,55.942844,null
97,-3.188255,55.942844,10,-3.187960,55.942896,null
98,-3.187960,55.942896,190,-3.188255,55.942844,null
99,-3.188255,55.942844,10,-3.187960,55.942896,null
100,-3.187960,55.942896,190,-3.188255,55.942844,null
101,-3.188255,55.942844,10,-3.187960,55.942896,null
102,-3.187960,55.942896,190,-3.188255,55.942844,null
103,-3.188255,55.942844,10,-3.187960,55.942896,null
104,-3.187960,55.942896,190,-3.188255,55.942844,null
105,-3.188255,55.942844,10,-3.187960,55.942896,null
106,-3.187960,55.942896,190,-3.188255,55.942844,null
107,-3.188255,55.942844,10,-3.187960,55.942896,null
108,-3.187960,55.942896,190,-3.188255,55.942844,null
109,-3.188255,55.942844,10,-3.187960,55.942896,null
110,-3.187960,55.942896,190,-3.188255,55.942844,null
111,-3.188255,55.942844,10,-3.187960,55.942896,null
112,-3.187960,55.942896,190,-3.188255,55.942844,null
113,-3.188255,55.942844,180,-3.188555,55.942844,null
114,-3.188555,55.942844,180,-3.188855,55.942844,null
115,-3.188855,55.942844,180,-3.189155,55.942844,null
116,-3.189155,55.942844,190,-3.189451,55.942792,null
117,-3.189451,55.942792,190,-3.189746,55.942739,hooked.shine.third
118,-3.189746,55.942739,130,-3.189939,55.942969,null
119,-3.189939,55.942969,120,-3.190089,55.943229,shows.fries.lamp
120,-3.190089,55.943229,220,-3.190319,55.943036,null
121,-3.190319,55.943036,220,-3.190548,55.942843,tonic.bliss.cove
122,-3.190548,55.942843,130,-3.190741,55.943073,relate.chill.vest
123,-3.190741,55.943073,110,-3.190844,55.943355,null
124,-3.190844,55.943355,120,-3.190994,55.943615,null
125,-3.190994,55.943615,110,-3.191096,55.943897,spicy.bunch.shady
126,-3.191096,55.943897,90,-3.191096,55.944197,null
127,-3.191096,55.944197,80,-3.191044,55.944492,paying.crowd.weep
128,-3.191044,55.944492,100,-3.191096,55.944788,estate.gave.votes
129,-3.191096,55.944788,160,-3.191378,55.944890,null
130,-3.191378,55.944890,170,-3.191674,55.944942,null
131,-3.191674,55.944942,160,-3.191956,55.945045,null
132,-3.191956,55.945045,170,-3.192251,55.945097,useful.hike.trades
133,-3.192251,55.945097,10,-3.191956,55.945149,null
134,-3.191956,55.945149,10,-3.191660,55.945201,null
135,-3.191660,55.945201,0,-3.191360,55.945201,null
136,-3.191360,55.945201,10,-3.191065,55.945253,maple.limit.hotels
137,-3.191065,55.945253,10,-3.190769,55.945306,null
138,-3.190769,55.945306,10,-3.190474,55.945358,null
139,-3.190474,55.945358,10,-3.190179,55.945410,null
140,-3.190179,55.945410,10,-3.189883,55.945462,turkey.limit.ramp
141,-3.189883,55.945462,40,-3.189653,55.945655,null
142,-3.189653,55.945655,50,-3.189460,55.945884,coherent.saints.stuck
143,-3.189460,55.945884,300,-3.189310,55.945625,museum.spicy.horns
144,-3.189310,55.945625,340,-3.189029,55.945522,null
145,-3.189029,55.945522,340,-3.188747,55.945419,shady.soft.phones
146,-3.188747,55.945419,70,-3.188644,55.945701,null
147,-3.188644,55.945701,80,-3.188592,55.945997,boost.radar.stress
148,-3.188592,55.945997,0,-3.188292,55.945997,null
149,-3.188292,55.945997,0,-3.187992,55.945997,null
150,-3.187992,55.945997,0,-3.187692,55.945997,null
