1,-3.187800,55.944400,340,-3.187518,55.944297,null
2,-3.187518,55.944297,340,-3.187236,55.944195,null
3,-3.187236,55.944195,340,-3.186954,55.944092,null
4,-3.186954,55.944092,160,-3.187236,55.944195,null
5,-3.187236,55.944195,340,-3.186954,55.944092,null
6,-3.186954,55.944092,160,-3.187236,55.944195,null
7,-3.187236,55.944195,340,-3.186954,55.944092,null
8,-3.186954,55.944092,160,-3.187236,55.944195,null
9,-3.187236,55.944195,340,-3.186954,55.944092,null
10,-3.186954,55.944092,320,-3.186724,55.943899,null
11,-3.186724,55.943899,330,-3.186465,55.943749,null
12,-3.186465,55.943749,330,-3.186205,55.943599,null
13,-3.186205,55.943599,330,-3.185945,55.943449,null
14,-3.185945,55.943449,330,-3.185685,55.943299,null
15,-3.185685,55.943299,330,-3.185425,55.943149,null
16,-3.185425,55.943149,340,-3.185144,55.943047,null
17,-3.185144,55.943047,340,-3.184862,55.942944,courier.assume.bill
18,-3.184862,55.942944,170,-3.185157,55.942996,null
19,-3.185157,55.942996,170,-3.185452,55.943048,toned.deflection.bland
20,-3.185452,55.943048,130,-3.185645,55.943278,null
21,-3.185645,55.943278,120,-3.185795,55.943538,record.sofa.sock
22,-3.185795,55.943538,220,-3.186025,55.943345,null
23,-3.186025,55.943345,220,-3.186255,55.943152,null
24,-3.186255,55.943152,220,-3.186485,55.942959,null
25,-3.186485,55.942959,210,-3.186745,55.942809,null
26,-3.186745,55.942809,210,-3.187004,55.942659,strut.river.surely
27,-3.187004,55.942659,150,-3.187264,55.942809,null
28,-3.187264,55.942809,140,-3.187494,55.943002,null
29,-3.187494,55.943002,150,-3.187754,55.943152,gums.clock.modes
30,-3.187754,55.943152,190,-3.188049,55.943100,null
31,-3.188049,55.943100,180,-3.188349,55.943100,null
32,-3.188349,55.943100,190,-3.188645,55.943048,null
33,-3.188645,55.943048,180,-3.188945,55.943048,null
34,-3.188945,55.943048,190,-3.189240,55.942996,region.passes.pencil
35,-3.189240,55.942996,170,-3.189536,55.943048,null
36,-3.189536,55.943048,170,-3.189831,55.943100,null
37,-3.189831,55.943100,160,-3.190113,55.943203,shows.fries.lamp
38,-3.190113,55.943203,70,-3.190010,55.943485,null
39,-3.190010,55.943485,70,-3.189908,55.943767,null
40,-3.189908,55.943767,70,-3.189805,55.944049,cliff.asleep.wedge
41,-3.189805,55.944049,200,-3.190087,55.943946,null
42,-3.190087,55.943946,200,-3.190369,55.943843,null
43,-3.190369,55.943843,200,-3.190651,55.943741,null
44,-3.190651,55.943741,190,-3.190946,55.943689,loaf.cheer.slave
45,-3.190946,55.943689,90,-3.190946,55.943989,null
46,-3.190946,55.943989,90,-3.190946,55.944289,null
47,-3.190946,55.944289,100,-3.190998,55.944584,null
48,-3.190998,55.944584,90,-3.190998,55.944884,shapes.sheep.nature
49,-3.190998,55.944884,170,-3.191294,55.944936,null
50,-3.191294,55.944936,170,-3.191589,55.944988,null
51,-3.191589,55.944988,170,-3.191885,55.945040,null
52,-3.191885,55.945040,170,-3.192180,55.945092,useful.hike.trades
53,-3.192180,55.945092,30,-3.191920,55.945242,null
54,-3.191920,55.945242,30,-3.191661,55.945392,null
55,-3.191661,55.945392,30,-3.191401,55.945542,skins.engage.best
56,-3.191401,55.945542,20,-3.191119,55.945645,null
57,-3.191119,55.945645,20,-3.190837,55.945748,null
58,-3.190837,55.945748,20,-3.190555,55.945850,null
59,-3.190555,55.945850,20,-3.190273,55.945953,null
60,-3.190273,55.945953,10,-3.189978,55.946005,love.behind.orchestra
61,-3.189978,55.946005,280,-3.189926,55.945709,null
62,-3.189926,55.945709,290,-3.189823,55.945428,turkey.limit.ramp
63,-3.189823,55.945428,20,-3.189541,55.945530,null
64,-3.189541,55.945530,30,-3.189281,55.945680,museum.spicy.horns
65,-3.189281,55.945680,280,-3.189229,55.945385,null
66,-3.189229,55.945385,280,-3.189177,55.945089,number.exist.rate
67,-3.189177,55.945089,40,-3.188947,55.945282,null
68,-3.188947,55.945282,50,-3.188754,55.945512,shady.soft.phones
69,-3.188754,55.945512,40,-3.188525,55.945705,bend.tubes.chops
70,-3.188525,55.945705,300,-3.188375,55.945445,null
71,-3.188375,55.945445,300,-3.188225,55.945185,null
72,-3.188225,55.945185,310,-3.188032,55.944955,null
73,-3.188032,55.944955,300,-3.187882,55.944696,hurt.green.filer
74,-3.187882,55.944696,290,-3.187779,55.944414,null
75,-3.187779,55.944414,300,-3.187629,55.944154,bound.ends.matter
76,-3.187629,55.944154,290,-3.187527,55.943872,begins.spider.drips
77,-3.187527,55.943872,300,-3.187377,55.943612,shut.stands.media
78,-3.187377,55.943612,50,-3.187184,55.943842,null
79,-3.187184,55.943842,40,-3.186954,55.944035,renew.ears.tend
80,-3.186954,55.944035,0,-3.186654,55.944035,lime.learns.front
81,-3.186654,55.944035,0,-3.186354,55.944035,null
82,-3.186354,55.944035,70,-3.186251,55.944317,null
83,-3.186251,55.944317,70,-3.186149,55.944599,null
84,-3.186149,55.944599,70,-3.186046,55.944880,null
85,-3.186046,55.944880,220,-3.186276,55.944688,null
86,-3.186276,55.944688,200,-3.186558,55.944585,null
87,-3.186558,55.944585,180,-3.186858,55.944585,artist.gets.react
88,-3.186858,55.944585,50,-3.186665,55.944815,laws.merit.bleak
89,-3.186665,55.944815,0,-3.186365,55.944815,null
90,-3.186365,55.944815,140,-3.186595,55.945008,null
91,-3.186595,55.945008,130,-3.186788,55.945238,dragon.bottle.crisp
92,-3.186788,55.945238,120,-3.186938,55.945497,spent.spoon.bolt
93,-3.186938,55.945497,30,-3.186678,55.945647,null
94,-3.186678,55.945647,20,-3.186396,55.945750,null
95,-3.186396,55.945750,30,-3.186136,55.945900,null
96,-3.186136,55.945900,20,-3.185854,55.946003,renew.slows.basket
97,-3.185854,55.946003,310,-3.185661,55.945773,shed.desire.muddy
98,-3.185661,55.945773,340,-3.185379,55.945670,null
99,-3.185379,55.945670,340,-3.185098,55.945568,null
100,-3.185098,55.945568,340,-3.184816,55.945465,null
101,-3.184816,55.945465,330,-3.184556,55.945315,settle.title.united
102,-3.184556,55.945315,270,-3.184556,55.945015,null
103,-3.184556,55.945015,260,-3.184608,55.944719,null
104,-3.184608,55.944719,270,-3.184608,55.944419,null
105,-3.184608,55.944419,260,-3.184660,55.944124,null
106,-3.184660,55.944124,270,-3.184660,55.943824,rider.mile.lime
107,-3.184660,55.943824,230,-3.184853,55.943594,sentences.sings.modern
108,-3.184853,55.943594,170,-3.185148,55.943646,null
109,-3.185148,55.943646,170,-3.185444,55.943698,null
110,-3.185444,55.943698,170,-3.185739,55.943750,null
111,-3.185739,55.943750,170,-3.186035,55.943803,null
112,-3.186035,55.943803,160,-3.186317,55.943905,null
113,-3.186317,55.943905,170,-3.186612,55.943957,null
114,-3.186612,55.943957,170,-3.186907,55.944009,null
115,-3.186907,55.944009,160,-3.187189,55.944112,null
116,-3.187189,55.944112,150,-3.187449,55.944262,null
117,-3.187449,55.944262,160,-3.187731,55.944365,null
